	bladder	bonemarrow	brain	breast	colonsigmoid	colontransverse	heart	hypothalamus	kidney	liver	lung	lymphnodes	ovary	pancreas	placenta	prostate	skin	stomach	testis
EPI-509_XH-GJH	0.045450859740144275	0.09633100214475593	0.043236172287102755	0.049945808087875944	0.06082453218743954	0.06323148342060048	0.046116187826945564	0.04138359107255288	0.045843702949686066	0.05040039258787976	0.05695123071231299	0.06297112526276973	0.04307182097731369	0.04726493386646992	0.04707188088608316	0.04522190069292193	0.04871637836913431	0.061959105280998836	0.0440078916470122
EPI-509_XH-GXW	0.0444278013461988	0.10562874989453201	0.04198084685447387	0.048142284172843774	0.0628726202738955	0.06564009309254006	0.044910669684149515	0.040659461701396726	0.04491555523721432	0.050671490803139034	0.055474168867298244	0.06052231036119196	0.042306645272626446	0.04705838498739198	0.04830038193172723	0.044774585839890364	0.04661147845451531	0.06275246441034348	0.04235000681463133
EPI-509_XH-TB	0.04631225062259935	0.08730042674220993	0.044539550012501525	0.05037574565139054	0.06072895792258493	0.06331852429037454	0.047332780964859975	0.04274999202060946	0.04679629768383452	0.05029205751404965	0.056384994449749176	0.06032490512532057	0.04420393340724616	0.04829797189474473	0.0483136793463477	0.04606980426584189	0.04891229239783744	0.06273999398178783	0.045005841706110175
EPI-509_XH-YY	0.045180707617362224	0.09961631239975363	0.04282358034351373	0.049515076353813574	0.06136812132884571	0.06414757446763837	0.04574535461344495	0.041045266301929	0.04540095982010796	0.04959077386241697	0.056893827291571275	0.06307429039133541	0.042771511992634174	0.046938337485799335	0.047118049935052794	0.04491695432363829	0.04826256227730681	0.06215333143412649	0.04343740775970925
EPI-509_XH-ZZQ	0.04496772978946936	0.09705593471995512	0.043083183891597335	0.04937978385233236	0.06094834911091321	0.06331598677427508	0.04583147484257291	0.041047209043958165	0.04628868054702418	0.05263135299455285	0.05641524884127685	0.06246350530924548	0.042650660344158445	0.047533024741148226	0.04688803909801691	0.04512119928701612	0.048580675147575976	0.06169921841152785	0.04409874325338369
EPI-538_XH-CTS	0.04519668378357018	0.09710541436091219	0.04315778931900396	0.04934001085227404	0.06100108550753663	0.06331808901304813	0.04599957658808398	0.041443649241175426	0.04626305777680042	0.05299938965212227	0.055892568347952934	0.06079169967648853	0.04287547972352958	0.047801653002022965	0.04727798274841209	0.04544113472814957	0.048176843680288524	0.061887005290911484	0.04403088670771705
EPI-538_XH-DHZ	0.04490131176167659	0.09504306559145428	0.043629843052880944	0.049582777767121694	0.06326282615477473	0.06596109128345536	0.04585832238654916	0.04147098315725068	0.0449566601012239	0.04825757941335972	0.057013072147778954	0.06372120002100162	0.04274375586452512	0.046601048856622904	0.04631179485502737	0.044809414704856824	0.04775512345002763	0.0641397277582545	0.04398040167215791
EPI-538_XH-DLY	0.04442843959084219	0.09944682709557986	0.04389759731369297	0.04992087721616927	0.06158672889992423	0.0639313013006177	0.04568574783419333	0.041326134753461745	0.04534391223042058	0.050198110353090984	0.057236466503432615	0.06415843422791971	0.04182869843036491	0.04617253738734792	0.045226186421802345	0.04469108658638767	0.0484297248577871	0.06196617991261709	0.04452500908434805
EPI-538_XH-GJP	0.04528911944409486	0.08942108783062111	0.04501579471731976	0.05012497712796203	0.06199925659099097	0.06470161003215395	0.04681003405090749	0.04260075520295087	0.045714770573667796	0.04859164857929337	0.05687770629982454	0.062778963721561	0.04316309059687797	0.04720810912710668	0.04649063396786286	0.04536872834388043	0.048350063027077596	0.06400737275182683	0.04548627801401972
EPI-538_XH-GSW	0.047315150139090496	0.06911072653874624	0.04454710112150892	0.04929169551285028	0.06202100553224741	0.06503133950790214	0.048099504934630444	0.043599783078023036	0.04942040888075394	0.06074122692215852	0.05378974210509161	0.05402921747571364	0.04562589332322976	0.052345852479202204	0.049068015249807855	0.04797420964405881	0.0477122571020771	0.0647565576334574	0.0455203128194505
EPI-538_XH-HFR	0.04591656007356009	0.08727172637225132	0.044703025516190646	0.05054055788172946	0.06011441346995497	0.06241979806751475	0.04706902297953627	0.04234700477646725	0.047067884747925455	0.052686063847452336	0.056306354197131425	0.061142712738871695	0.04396512029446035	0.04857881681040514	0.04669494526265586	0.046048361973349425	0.04914518751214293	0.06251100552323821	0.0454714379551626
EPI-538_XH-HW	0.04576257086515887	0.08798432731863458	0.04412484092461872	0.04976413775848281	0.060804220908427825	0.06346786179673644	0.046809992175300956	0.04211724829344467	0.047122324866524415	0.05419578786192096	0.05584263163502556	0.06001230000358807	0.04376767809942202	0.04878067320939576	0.04709194613678324	0.04596537260868759	0.04839743803945258	0.06291408573128757	0.04507456176710737
EPI-538_XH-HXC	0.044384635001597554	0.10275257530381714	0.04347397476174895	0.049768644684772954	0.06168400239572938	0.06424118481793407	0.04523865136082889	0.04105743746928627	0.044760868795895324	0.04869474535397135	0.05740107724277064	0.06505837212194196	0.041713816897442295	0.045563923422222485	0.04547410516786088	0.044480101964477985	0.048269963831983835	0.061933412327819654	0.04404850707789836
EPI-538_XH-HZK	0.04606129550221343	0.08940010866140491	0.043563790647446775	0.05021099413730715	0.06119295991154348	0.0636453610368817	0.04682041387305505	0.041857631501577064	0.04625659822370013	0.05109345195218542	0.05685894584208487	0.06161258755772855	0.04393642034957897	0.048148910947217106	0.047029736809573806	0.04578964859290427	0.048819124589825506	0.06324698650621306	0.04445503335755873
EPI-538_XH-JGY	0.045955705443189214	0.0865730007729713	0.043987131496813055	0.049908747441526576	0.06176291998886757	0.06443947771433282	0.04693239479315161	0.042186467928672755	0.04669495278095687	0.0517654310112475	0.05644621390083472	0.061057603892644655	0.0439311787224478	0.04847032269544986	0.04727397591976133	0.04588776817952378	0.04848651281725106	0.06353518387317635	0.04470501062718109
EPI-538_XH-LGH	0.04558259498931369	0.08760753173648	0.04434120128130353	0.05025801856112921	0.061124083504130705	0.06360033874850518	0.04668619157991039	0.0422631632264265	0.04669027330510268	0.052712064146745424	0.05664480300898005	0.0620466005108654	0.043352777383181766	0.04821846263929817	0.046420984469721704	0.04575350345180895	0.04889868951078226	0.0625878189250819	0.0452108990212325
EPI-538_XH-LGZ	0.04518716996641676	0.09537815367506654	0.043358829017362335	0.049438432365257204	0.06097703283775249	0.06341364713834786	0.046010302564237306	0.04140948520860843	0.04636139842562446	0.053404702516367385	0.055881437000824596	0.060596793819341535	0.04299398707271193	0.048159090347461096	0.04694737232556436	0.045339125124445046	0.04809702141790026	0.06277037707292138	0.044275642103789176
EPI-538_XH-LHL	0.04542350620269631	0.08719301399298557	0.04274649510709357	0.049715592512014024	0.06220806997209933	0.06455736327711005	0.04612108425162976	0.04087237594798713	0.04673813215108651	0.056270272066347396	0.056834936594377106	0.061815314876275576	0.04286407713164544	0.048714921994264936	0.045956084464761154	0.04565190476603218	0.04867938374574	0.06358642212979679	0.04405104881605716
EPI-538_XH-LHY	0.04631042101874884	0.07832538509095696	0.0457625860013448	0.05112312852095627	0.06016212525487753	0.06294879857044275	0.0476353876097181	0.043304247381073774	0.04777050085837261	0.053565183533498956	0.05620525508452448	0.060606120117527626	0.044528574208807195	0.0495785667019541	0.047209060248095215	0.04656393788996135	0.049190456869017005	0.06308502211071491	0.04612524292940767
EPI-538_XH-LJF	0.04578182746114613	0.06642045338092949	0.045843297361811634	0.049685707902878413	0.06241289355101042	0.06532902712135086	0.047272202264804185	0.04327362612487965	0.04963135594549038	0.06527858108503869	0.05418372226623259	0.056140473937474365	0.04373963074678268	0.05241813158793835	0.04631386117147175	0.04742925329565574	0.04791706282643884	0.06440719567275702	0.04652169629590874
EPI-538_XH-LJP	0.04342492844634862	0.11422480997403114	0.04232568192614448	0.04839870372451754	0.06163605017728073	0.06369099653061887	0.0443406605011783	0.04013800380695949	0.044284870206812196	0.049637377404497605	0.05646732686922093	0.06426876357121471	0.04076085989224282	0.04528932318585099	0.04533510003871401	0.04379609724674049	0.04742086391743966	0.06139431453384282	0.043165268046344664
EPI-538_XH-LQ	0.04487221046135652	0.08907419341312497	0.04409174206867278	0.049506591576205204	0.062187984544597175	0.06472179528733284	0.04606686504556238	0.041680891144652066	0.046368424977901786	0.05427195512361887	0.056341399069789515	0.062093980091010754	0.042509445678538184	0.04832697359624149	0.04582593843751871	0.04535042914488759	0.04811253899467326	0.06384542699658959	0.04475121434772605
EPI-538_XH-LQR	0.0448126450301793	0.09585381239458739	0.04388226875813568	0.04972713984727001	0.06169368188988085	0.06422572718321014	0.045809084420821954	0.04150204927720011	0.045628168364567664	0.05083794671033217	0.05674486245463387	0.06311036641910599	0.042528773148831654	0.04705417646026907	0.04628327692769519	0.04493557988103814	0.04816131014456765	0.06278129310610053	0.0444278375815727
EPI-538_XH-LWX	0.04363961020363783	0.11242644599869905	0.04303942152215119	0.048974168975145886	0.06132248677925588	0.06371615574788693	0.04469168397972154	0.04065185918193748	0.04418916176828705	0.048279445708258886	0.056991667828623534	0.06457826014368369	0.04096119249067151	0.04477538176751686	0.04544236777548709	0.04389959275694999	0.04778461273584002	0.061038868810503424	0.043597615825742134
EPI-538_XH-LXM	0.04267929100280349	0.12082575495782183	0.0415299176104948	0.04786237246641663	0.0629799053507672	0.06550011181014109	0.04342383743077357	0.03929134999733763	0.04322879204515041	0.04821000793258164	0.05671631049054474	0.0653788787945404	0.03987681414125375	0.04397879841627809	0.044743637650858176	0.04307162349144047	0.046758678347802105	0.06153401628112314	0.04240990178187085
EPI-538_XH-LXQ	0.04408620112229536	0.11375137650847189	0.04146026648713074	0.04821859266947466	0.06191759579234697	0.06394124372259813	0.044645384434886824	0.04001673127173936	0.04416784079758457	0.049022432524667627	0.056778009947117195	0.0635736404488587	0.04139608747791755	0.04568489014981774	0.04612422165307155	0.04399791066368394	0.04715404804364249	0.06173758246377051	0.0423259438209241
EPI-538_XH-LYH	0.045262334613921006	0.08996826138728722	0.04412505807037628	0.049881197261111954	0.06241956624768922	0.06493183408068065	0.04645577526567223	0.041933453531516694	0.045968402628197215	0.0505074245414354	0.05716303364607455	0.06305354791051121	0.0428165967696561	0.04723267768778146	0.046201635996559874	0.04537450764609449	0.048469780608099824	0.06349037247461628	0.04474453963271816
EPI-538_XH-LYM	0.0455393762174445	0.07454678728332756	0.04561576248257523	0.04990332375256474	0.062147532714825426	0.06511578431363367	0.04710966053465407	0.042917949058357385	0.048371460866882876	0.05909843943164946	0.05520263070096776	0.05887159574275765	0.043426117564753765	0.050457612801729605	0.046467672865467685	0.04648750324902476	0.04816983453027208	0.06442022373086823	0.046130732158243454
EPI-538_XH-MBL	0.04625696134761957	0.08238319459785942	0.04528798297117147	0.05070509070588459	0.06083818822597891	0.06356315183763048	0.047619250302157	0.0430063244121091	0.046948656765978126	0.05019997857272703	0.056715979144266356	0.06167105924990487	0.044411642588547726	0.048443267809116904	0.047268470635843704	0.04603030934787425	0.04899764329877806	0.06388372931576256	0.04576911887078974
EPI-538_XH-MCR	0.04425389926512787	0.10279294632765511	0.04283350339168228	0.04920136282101145	0.06278099128023105	0.06527652864945002	0.04497246960663948	0.04051448904995704	0.04452479341874604	0.048803052295833954	0.05714863075841906	0.06465469098922863	0.04177520908168203	0.04573713353990919	0.04577906925399509	0.044261739808262555	0.04790231601478277	0.06327735537445567	0.04350981907293056
EPI-538_XH-MJJ	0.045546820736231265	0.08927850722649362	0.04438332593712292	0.05044455974607665	0.0624056324157652	0.06473254609395052	0.046640050520439395	0.042134428721732155	0.04564466119806021	0.04832713192701494	0.0572073781538841	0.06342667610394725	0.04347625703406583	0.047282678198239614	0.04653210318907853	0.04535898481182752	0.04846882758360553	0.06400535799138014	0.04470407241108456
EPI-538_XH-MYD	0.04568660394060553	0.08702428521482372	0.04361163834861305	0.04948545460413021	0.062354625837428436	0.06492338209322805	0.04667387164224449	0.04176025503284332	0.046772797352597185	0.05360910667960241	0.05653290912831995	0.06070628014814727	0.04339175148976576	0.04860824288344647	0.046790177246818894	0.045825042552850706	0.048181377157275565	0.06358950671903373	0.04447269192822528
EPI-538_XH-MZH	0.04289849906835309	0.11555497561250744	0.04201293289245779	0.04810718748854742	0.06242928705268416	0.06472069646602546	0.043718056677762636	0.03960455260450988	0.044095910618920486	0.051141285699480545	0.056648672897069735	0.06495511948965856	0.039858978541414646	0.04482937052657263	0.04466622129670009	0.04348318080178923	0.0472972106797569	0.06117415785768634	0.04280370372810309
EPI-538_XH-QJ	0.04394645664046583	0.10627536661383179	0.0429739522383833	0.04908904140811556	0.06237696354006057	0.0647882036180903	0.044903220895601524	0.040633762193228576	0.044493530049354496	0.049233444197128724	0.05691305466876345	0.06434032614443747	0.041270660155532074	0.04537615061715262	0.04553806997272326	0.04419888485523408	0.04776210637009597	0.062253754698948095	0.043633051122852505
EPI-538_XH-RWA	0.045297198422354024	0.09259436004806808	0.04427234372207234	0.050280622794132	0.06149237682261685	0.06390993497364397	0.04645236514812688	0.041939627256905	0.045622126170475424	0.048754111975823265	0.057345760085198184	0.06446186020176471	0.042854661410414135	0.04667962188852231	0.046127633559107414	0.045193436746268	0.048898309207351186	0.06286906472457306	0.04495458484258309
EPI-538_XH-RXJ	0.04512867407334963	0.09164602568517916	0.04228874474792154	0.04871473960612949	0.06294160804644526	0.06537695654335873	0.045772955055011	0.04065802359750871	0.04613904090750088	0.055081016320112176	0.05639246786326473	0.06121814923904946	0.04273076728350477	0.048793274885847684	0.046422185421339496	0.045379088907140715	0.04768379277741451	0.06425307593005436	0.043379413109867745
EPI-538_XH-SLX	0.045774849012688724	0.09171457454378502	0.04344949901691954	0.04986262750973617	0.061624441312439326	0.0638009965541393	0.04658853003694205	0.04168633301898923	0.04591988383298048	0.05015745861989765	0.056954720288089504	0.061996378572982014	0.043749739497529444	0.04787856253217323	0.046848259385332665	0.04551187471422529	0.04856471352605276	0.06359147486596069	0.04432508315913695
EPI-538_XH-WFH	0.04633207719021596	0.08538886419477154	0.045213372385842915	0.051435302788868424	0.05890769540025737	0.0613989774223031	0.047401583294030894	0.04270873005193647	0.047094575518097904	0.05154440320701062	0.05669192336332954	0.06180741053261619	0.044511079735207626	0.04865121731567689	0.04681098822155399	0.04616733952662768	0.04980725854668917	0.06212199963237375	0.0460052016725899
EPI-538_XH-WJQ	0.04582942325731732	0.08076335647701133	0.04351454401778599	0.04917429771662816	0.0642360686781101	0.06753340729131309	0.04669308266180367	0.04185031163917094	0.04684726186321682	0.053761341701985134	0.05573820643422607	0.059104626615764905	0.043794176913845136	0.04949517928586857	0.04809862231033392	0.04632114079643792	0.047275118660772	0.06590857651589181	0.04406125716251711
EPI-538_XH-WR	0.0452611267317352	0.08509460452405089	0.044737301358979124	0.050336563519208725	0.061368902483852884	0.06401873755139177	0.046336462038712396	0.04206163747113221	0.04693448067507511	0.055323810644875474	0.056148945958061684	0.061649287584544646	0.043128755401139786	0.04879761618353705	0.0459426781954929	0.045771324286177924	0.04851657151196181	0.06329848783990014	0.04527270604017029
EPI-538_XH-WSP	0.044944972603116494	0.0906045367228993	0.04418508611750123	0.049424946188122564	0.061872241849649186	0.06478104278288072	0.04622190043154633	0.04191835287311445	0.046701156831722816	0.05399967814525944	0.05612812281017261	0.06123502350456766	0.04248453686362219	0.047988818845694746	0.04631891801569785	0.04543817767364191	0.047999902333560496	0.06287314863771482	0.04487943676951513
EPI-538_XH-WTL	0.044584860991402804	0.09589036997199937	0.04447348241857363	0.04976947445803702	0.06209472031641353	0.0646404075428463	0.0459870042429611	0.041767330440375686	0.0452441229455456	0.048901388975894126	0.056853576948069875	0.06371315031036912	0.04229394081928997	0.04657252801051135	0.04602311624594108	0.04474894431904882	0.04803962376547665	0.06361106187299567	0.04479089540424833
EPI-538_XH-WXC	0.04363294120295529	0.10991127074112693	0.04303150334717323	0.04854604687659695	0.06219673639543303	0.06434815325674688	0.044906783119482256	0.040599010748659195	0.04432723406707901	0.04880048284972201	0.057206209266365694	0.06458693574266836	0.04094730311836609	0.04500416056153923	0.044791201363716796	0.043896396796916926	0.047598104256009674	0.06190841376545105	0.04376111252399137
EPI-538_XH-WZY	0.04394875286119378	0.11442513073532654	0.04175027023872917	0.04857580114551675	0.06148030592473045	0.06365894419897929	0.04453717398003307	0.03969402686941768	0.044279646839625236	0.04907265503500945	0.057460789621338076	0.06509745035272058	0.040873360326092484	0.04492286568804177	0.0452236740329612	0.0439364042713522	0.047831620735415054	0.060464103725595554	0.0427670234179217
EPI-538_XH-XAN	0.045122335062335484	0.0969633884533492	0.04422646898281654	0.04996326125017953	0.0610251938137042	0.06351119035101083	0.04627888195044174	0.04185513848030829	0.04579334019363246	0.0493842744406957	0.05730354214875313	0.06256552737955726	0.04278553165615128	0.046504350921917216	0.04624160352203579	0.04510279713052248	0.04858869062320744	0.06191024997149415	0.04487423366788742
EPI-538_XH-XGX	0.04573249471249396	0.08259345658679057	0.04469247838495427	0.04953791473927195	0.0611724776368283	0.06396243605873803	0.046948311061536865	0.04254953156154938	0.04823325186954996	0.058005121492964606	0.05495160316184596	0.05801889539671426	0.043671812307154716	0.049805271188623365	0.04734160960635652	0.04639424672171143	0.04818632187637101	0.06279064424923358	0.04541212138731111
EPI-538_XH-XJF	0.04522921907742531	0.09350500645160177	0.043250185540756464	0.04966155354671647	0.061649366854858216	0.06418087637756746	0.04631125556221057	0.04128092270950757	0.04626917442491918	0.05242621290503649	0.05707527459073141	0.06251358031509358	0.042521372307579554	0.04727897018872459	0.04638038030301919	0.045257061071485416	0.048736361336126605	0.06218890986243076	0.04428431657420946
EPI-538_XH-XQP	0.04548088276070728	0.09292009774031461	0.04300725299022867	0.049245798221102165	0.06159151679254507	0.06390337050984207	0.04625967740920241	0.04143968382081037	0.046429073639431453	0.05372103441595016	0.05611547096465253	0.06014445069026916	0.04342749156561618	0.04857548903634194	0.0471453815166958	0.04562320017298824	0.04800022072618662	0.06304549892856544	0.04392440809854966
EPI-538_XH-YBZ	0.04623246039765887	0.0848830749754988	0.04450922282115112	0.05032264705010236	0.060794297285566054	0.06326193270121482	0.047342721015818046	0.04256580923123933	0.046878963954771875	0.05213275065256401	0.056372932945448796	0.060710929785883216	0.04422513929861183	0.04889733496854485	0.047013446811774474	0.04610054943848754	0.048904706767490286	0.06349241669859847	0.0453586631995754
EPI-538_XH-YJC	0.0436733951268961	0.10314968756173334	0.04250029380616789	0.04889371830770744	0.06469158073581427	0.06720777839726315	0.04428994811923702	0.04001521770628007	0.04404164698510181	0.048336707200714576	0.05725202398379832	0.06661890102528431	0.04108540054062833	0.04501778458645388	0.045220608077482426	0.04380970084110056	0.04753042281770788	0.06349337772865846	0.04317180645197013
EPI-538_XH-YJJ	0.04422600368195386	0.10172182262498033	0.04431719779087357	0.04968307599811027	0.06166593735760792	0.0639788964998591	0.04570536079296391	0.041514153685991345	0.044847952737931386	0.048163278991537654	0.05717685107859588	0.06466241629604029	0.04178576609370134	0.04551862298547077	0.044828191982264114	0.044429582443260375	0.048201571623307383	0.062472101530020606	0.045101215805529886
EPI-538_XH-ZCX	0.046418570152641205	0.06054228310405051	0.045113706479711795	0.04990665736229099	0.06086982337839397	0.0638488928132366	0.047611157881664576	0.043016768208319164	0.051343588216488885	0.07112029207231156	0.05278188951093609	0.05263887991296608	0.04489791453268551	0.05478834902143069	0.04769116536236308	0.04828238038761601	0.048331064126278384	0.0642097041409592	0.04658691333565581
EPI-538_XH-ZGR	0.043618331680093596	0.11344643771232542	0.0423929444558672	0.04874717260471054	0.06154007175671642	0.06390048942419924	0.0444906529324926	0.0399547741081493	0.044210623660341536	0.048835347767615805	0.057250898340295474	0.06479227129691091	0.04081893777903897	0.04473463583643632	0.04541771904933662	0.043702868339618166	0.04784359564148436	0.06106908675838678	0.043233140855980866
EPI-538_XH-ZGW	0.04431026257739828	0.1038762221652989	0.04314937299828147	0.04938987059741941	0.061626023874593615	0.06401268788024549	0.045202228221228935	0.04098845710680359	0.04498830569181223	0.049812261758503666	0.056933214910022824	0.06406488991420517	0.041733402094747574	0.045959041903384935	0.04561520459850962	0.044435452659367096	0.04814429027854888	0.06184434750756338	0.04391446326206489
EPI-538_XH-ZGY	0.0447634588668709	0.08800379032712814	0.04400293589603163	0.049317853691359485	0.0619719780056883	0.06458792285627495	0.04608752685208812	0.041602684960464514	0.04721240136673791	0.05756230478804357	0.05593017342290988	0.06025597199182739	0.042487590912834286	0.048646510181339045	0.045790573482952776	0.0457154713096248	0.04809829992579278	0.06298794824262377	0.044974602919407844
EPI-538_XH-ZXL	0.04458388561599541	0.09895956039397084	0.04349740336441428	0.04926765676076717	0.06225748812362925	0.06482379627493526	0.045654174989668894	0.04122789043717096	0.04520541045315981	0.04971184281076555	0.05682916601532226	0.06327060245563751	0.04211321019166293	0.046626759183020144	0.0461622273450727	0.044709338351942976	0.04778319926932861	0.06319292148267733	0.04412346648085811
EPI-538_XH-ZYY	0.04476344751489562	0.10141862338558032	0.043172798475642475	0.04971423377768672	0.06159502903422639	0.06402039287442973	0.04545710339976578	0.04101775824716982	0.04505682132049905	0.04956302730090046	0.05694796882728499	0.06362078199117382	0.04224426663222408	0.04647582492431395	0.04579184852626696	0.04477219344943366	0.048230085266185045	0.0622700138417574	0.043867781210563665
EPI-538_XH-ZZH	0.04506140796330775	0.09837296806245198	0.04302178071245444	0.049367565807185036	0.06138230631625668	0.0637915089085837	0.046084566413148335	0.040913099592182194	0.04588760552452332	0.051234317494330314	0.05679196677014421	0.062010457164142045	0.042559409495197965	0.04699885035964521	0.046699883052810066	0.045005841098521994	0.048501802520393815	0.06231689358390247	0.04399776916081858
EPI-542_XH-BX	0.04461820289339162	0.10148846458957148	0.04402003204726674	0.049921997336980106	0.060608543966848824	0.06306553878742747	0.045728620438215066	0.041540785505574586	0.04543514695081506	0.049029292248456605	0.05704018258021086	0.06439896009611468	0.04204524923364911	0.04608012853230711	0.046273917989542494	0.044613536195435934	0.04867024248245018	0.06103473287381737	0.04438642525192456
EPI-542_XH-DFM	0.04497596203086615	0.09440524384591535	0.04395048600791057	0.049823324906102015	0.062185540214432886	0.0647666116041489	0.045966766006941676	0.04162458256567986	0.04551881357956494	0.04921764175129515	0.0569585225496219	0.06379194319792768	0.042564203698725135	0.04683869328123853	0.04676707295670674	0.04498450782950647	0.04830323963184894	0.06314076604445176	0.044216078297115435
EPI-542_XH-GYB	0.046714277808375504	0.0783138878126171	0.04507461774308715	0.05067265462506161	0.061700291202364164	0.06469559932677608	0.04781527863758594	0.04320672987773953	0.047146851180828064	0.050464543618909063	0.05665683254807136	0.06048140906745708	0.04466683491034	0.04918230286541675	0.04826018551519294	0.04646782477375944	0.048706858190993595	0.06435138824244882	0.04542163205297566
EPI-542_XH-HXM	0.04554947122909427	0.09333741880076492	0.044055900167878664	0.050078446195497256	0.061520233014906285	0.0641280468986656	0.04640897849470568	0.041928031784074095	0.045843962922201185	0.04937019456816513	0.056983802763142084	0.06254929135163238	0.04320102686702713	0.047261932144755554	0.04722977635932787	0.045376834799940695	0.04847302916128708	0.06240870509133386	0.04429491738560019
EPI-542_XH-LCP	0.0447236323594077	0.09953073883905975	0.04399565679952905	0.049619694561071716	0.061405778492354415	0.06389286683663337	0.045833948695115125	0.04167521663037872	0.04550523525415791	0.04974770593406587	0.05643519428575844	0.06268223389649724	0.04242495164453798	0.046660990727552885	0.046966432480990215	0.04476739791994237	0.04797980718717598	0.06196934609222943	0.04418317136354208
EPI-542_XH-LPH	0.045005756438215076	0.09367769201652976	0.04404745423847473	0.04985144804193435	0.06257066330041151	0.06542872289598133	0.0458297693319921	0.041732957863334995	0.045462727124863135	0.04900983596412993	0.05652614905620957	0.06362036924353685	0.04274236165534763	0.046862806230306295	0.04693991570209014	0.04505732843965964	0.048098247245565225	0.0632439127585448	0.04429188245287296
EPI-542_XH-LSQ	0.04406055107110112	0.1094007099532743	0.043221572067290596	0.04912342949423388	0.060997586626222976	0.06340241334679873	0.04498011651796579	0.040906160559763	0.04476502893668126	0.049175021064576566	0.05670369090597532	0.06366141144438667	0.04138305038346334	0.04544530844269685	0.046275390408164495	0.04417067736376139	0.047867976250006564	0.060838283904892425	0.04362162125874481
EPI-542_XH-LXG	0.04590500810975034	0.0833767648959933	0.044727942215117354	0.05010616653147635	0.061618538268018656	0.06450268267717905	0.04689677396557042	0.04250740408032996	0.047258883467885995	0.05348264395687142	0.05592542709911129	0.06046145383993397	0.04376311133522132	0.04887406194786064	0.04774631369168468	0.04614705540129135	0.04853106829101293	0.06318712017772093	0.04498158004796999
EPI-542_XH-MQ	0.04555075747675502	0.08914004054562323	0.04457338069502757	0.05047545581646505	0.06175849502112959	0.06433777746264208	0.04650915620430072	0.04221047375126381	0.04599047783161062	0.04941574881289236	0.056867959182666274	0.06329068472779263	0.043292809567326604	0.04724074396008421	0.04699275550825908	0.04538946468913936	0.04882574915573969	0.06330697174694429	0.04483109784433778
EPI-542_XH-RXT	0.04588381807590942	0.0859457763356543	0.045694999804941884	0.0507476135728738	0.060616839669340505	0.06359626527769924	0.04725125896679528	0.04315474549793634	0.04657913565123528	0.04922923299450294	0.05640342206516176	0.062029991053716635	0.04383458960095206	0.04797635646509641	0.047431406136544584	0.045808069567998856	0.04882784487817212	0.06322735592896157	0.045761278456507105
EPI-542_XH-SMZ	0.044370485629223126	0.1041363369506363	0.04313035273172695	0.049352626790412434	0.06170691924287303	0.06441604832022438	0.045140164561733837	0.0410076893695948	0.0447007752680061	0.04910636161636757	0.05648324591518531	0.06392961104371245	0.041887452246084346	0.04623007449065133	0.046893972178673915	0.044508073611760186	0.04762910929815821	0.06213317116438345	0.04323752957059251
EPI-542_XH-SY	0.04557164209816543	0.0880628868932872	0.045054410473403986	0.05089594225395055	0.06073138752450693	0.06335779748396389	0.04652522274415789	0.04244688984254698	0.04655112573360414	0.051053463868072496	0.05651195104573639	0.06312238183229563	0.043429352046042334	0.047738768328269815	0.046834592625051304	0.045638408829379605	0.04901886083112236	0.06213642336472359	0.045318492181719336
EPI-542_XH-TLY	0.045496264746017485	0.09100059943864212	0.04495044462600408	0.050413349098831224	0.06060159234658245	0.06325762264251686	0.04669554218523482	0.04250345422084366	0.04636593242887431	0.05005797401478299	0.05645127709315067	0.06246668362538384	0.04342039341034564	0.04758996865227101	0.047133883001011546	0.04544327201667306	0.04868684620114576	0.06221329988753703	0.04525160036415158
EPI-542_XH-WF	0.04573377394191833	0.08679186875303699	0.04315483611349958	0.049762145731148615	0.0626645215134081	0.06546865638946386	0.04622141620629175	0.04122527837944175	0.04651315417759134	0.053057620111067225	0.05661386697101241	0.062045928206682616	0.04345785045285665	0.048612825565945636	0.04693297644532486	0.04568108171694151	0.04820203599554891	0.06401648075403794	0.043843682574782036
EPI-542_XH-WJY	0.044169025754820415	0.10854515703663767	0.042656045697377985	0.0489889247020507	0.06129061973748097	0.06376852300627986	0.04501614214725102	0.04065818064376725	0.044748616639531995	0.049419268695225504	0.056663150692608924	0.06341151811084894	0.041710416545559084	0.045853709277427115	0.04667335686208231	0.044272551922851656	0.04778639962986635	0.0612235043394945	0.04314488855883764
EPI-542_XH-XHA	0.04589853803795433	0.08181196408191402	0.044702001995051484	0.05025198316957949	0.06118007765326328	0.0640635585987538	0.04691120647131843	0.04245694963058569	0.047575667518626207	0.05435701502797751	0.056016477562415574	0.060717216407439954	0.04380597538135787	0.049154714021265394	0.047586305185394744	0.04609431288979517	0.048887141577274695	0.06320091846832385	0.045327976321708256
EPI-542_XH-YHF	0.045710047530390305	0.08787344953933383	0.044521829951141324	0.05006882018037385	0.061803101844141686	0.06469078915184996	0.046880982882558514	0.042342797611462736	0.046471613735939436	0.05041755177846364	0.05636008720402678	0.061124875085049726	0.04367615170136503	0.04800161010392833	0.04767465105218011	0.04567139694822458	0.04831952939507864	0.06351847985598341	0.04487223444850796
EPI-542_XH-ZGL	0.04548459445266827	0.09141694153326929	0.044592899009302064	0.05051378769406607	0.06129904396512147	0.06384988614163396	0.046586708209111025	0.042339523751402694	0.04592789779088638	0.0488396523103925	0.05685727699997336	0.06327965643084824	0.043232738538028316	0.047017622005965216	0.0469288983888138	0.04533736754864209	0.04887225486332366	0.06272468205199325	0.04489856831455838
EPI-542_XH-ZHB	0.045503685403563844	0.09168593320751088	0.04409110839644848	0.049870385603600985	0.06167202788120535	0.06438404223950832	0.04667788445200702	0.04205210452457355	0.04589604978149103	0.04911772167100191	0.056842156350423265	0.06254645156542729	0.043234392923286805	0.04744508458315652	0.047353182080995156	0.0452910845448965	0.04838633391076195	0.06338059097932786	0.04456977990081318
EPI-542_XH-ZRP	0.04576628982452209	0.08852951521553802	0.04532594148427046	0.05052446208405859	0.06073188185226863	0.06360418213534146	0.04710357693004566	0.04289926184923697	0.04632264906462414	0.049108908997230534	0.056508600535538536	0.06201410417401152	0.04383939426538012	0.0476424105608081	0.04747656012997371	0.045691264725466404	0.048684049013509256	0.06274057376153609	0.0454863733966398
EPI-542_XH-ZYJ	0.045969043803481546	0.08579673260093502	0.04484908924709638	0.05046885885407212	0.06182376681372676	0.06453842221104474	0.04704314053268965	0.04256573149542698	0.04634717901930021	0.049149881712884765	0.05670995030213243	0.062249429380801295	0.04383152937356771	0.04797664295971552	0.04766525132493321	0.04571359827827844	0.0485893167471042	0.06364594026861127	0.04506649507419784
EPI-542_XH-ZYN	0.045988499649495786	0.08367410997416501	0.044453777640247744	0.05021172599014896	0.06243675460535157	0.0652955054615795	0.04681333224765895	0.042301010537631245	0.0465853624857088	0.05114807252173965	0.05643699178199223	0.06163981744359613	0.043844228763641135	0.048386652253995306	0.047724417304396326	0.04591163358801701	0.04849426335999694	0.06390680798253989	0.04474703640809788
EPI-559_XH-CB	0.045084748914643404	0.10087968152832594	0.04315483115413928	0.0492756430106085	0.06104230333067073	0.06340707077937092	0.04601121840629715	0.0413071488330841	0.04541476475504878	0.04926584689569204	0.05673874772034494	0.0623170935108151	0.042919611691900145	0.0468118415648812	0.04714327103905	0.04500472212013659	0.04810950502934261	0.062299439094484696	0.043812510621164036
EPI-559_XH-CSM	0.046871207163109496	0.07531556149948182	0.045166944286557695	0.050466405827903016	0.060661727917498354	0.06323274758639792	0.04796510078705405	0.043377224738409215	0.048351872018451515	0.05566069019155154	0.05526570475595295	0.05772831569654306	0.04535207055034908	0.05058554144293734	0.04840267053257452	0.047053564313808575	0.048788542510862974	0.0637301639348114	0.04602394424574551
EPI-559_XH-DSW	0.045520350410513014	0.09625554330363535	0.04298340368720633	0.05040981292997621	0.0610083095245995	0.06323863179416107	0.04657871644934006	0.04114312987618816	0.04548602805796866	0.04879985922646256	0.0579682823260083	0.06364098464596549	0.04302701582928885	0.04680681749850903	0.046729288601896374	0.044985093258245346	0.04908192006685949	0.06236115072802887	0.04397566178514728
EPI-559_XH-LHJ	0.045344339616608415	0.09867561980099539	0.04344511774172951	0.04992613314612319	0.06069968539254072	0.06312472022126593	0.046103650841990126	0.04154224722712579	0.04528476935685609	0.04870991571193836	0.05689603133155594	0.06303489096790932	0.0431171819037872	0.046965798446838826	0.04667538570288393	0.04506464373636122	0.04853708585176667	0.06275883639896145	0.04409394660276194
EPI-559_XH-LW	0.045221323072989275	0.09520863328490355	0.0431831539031697	0.04929535316538773	0.06149770632430562	0.063789329416035	0.04606285334225498	0.04131520627252717	0.04606242868861603	0.05202409424494531	0.05657921817893252	0.06216267182143918	0.042901486339962894	0.047551018150734974	0.04677788073264398	0.04515352529035435	0.048274165522988084	0.06285443134933885	0.04408552089847097
EPI-559_XH-LYH-1	0.04525071578415143	0.10137337396425272	0.04230160631940406	0.049496299994489165	0.061035193872478494	0.06319498968572392	0.045876131078777936	0.040676151350136164	0.045241314674113874	0.049716311042647884	0.0570589430794017	0.06280946065349002	0.04296706360192711	0.04707166282593362	0.04679248876682252	0.0448959200863912	0.04835099104888425	0.06251309077791863	0.04337829139305548
EPI-559_XH-LYQ	0.043575500458911856	0.11855795741067406	0.04140192770053383	0.04812267280620756	0.06102403326181002	0.06344922717631818	0.04413354199437161	0.039585032710767326	0.04421371415350953	0.05000793188544197	0.05666078118781369	0.06310072753541124	0.04073015228764042	0.04509404996190567	0.04610005976566996	0.04373453646950478	0.04747469504231718	0.060574040815738944	0.042459417375452016
EPI-559_XH-MCX	0.045333623273439816	0.09984612940840303	0.042049230927174684	0.04945914869907976	0.06168666994029643	0.06381757145772408	0.04573803639637963	0.040605088799700005	0.044941473189099856	0.048939736005167024	0.057217029882651704	0.0639455784347243	0.04306891163431047	0.047193514784283144	0.046620394523968975	0.04477546413174772	0.048271454803370216	0.063463654823299	0.043027288885180315
EPI-559_XH-SAT	0.04499395884778892	0.10351342612662649	0.04264920863686641	0.04925700301807629	0.060860587523460685	0.06326317453722889	0.04574494459304222	0.040890937963792034	0.04540140047418301	0.05028454930117587	0.056723819499856054	0.06190955740953261	0.04262036065199803	0.04679493730094387	0.04690428364936422	0.044826140370210196	0.048009404001782836	0.06185938977568812	0.043492916318383146
EPI-559_XH-SZG	0.045076023582331974	0.10346581263414768	0.04156664433803858	0.04913223578459062	0.06235183665701997	0.06461167242997289	0.0454396170100757	0.04017476946268811	0.044944453288330584	0.04929747532695567	0.05755281972657307	0.06269119934259756	0.04243626331280865	0.04629367733808041	0.04651826544261903	0.04464565259981903	0.04823252321233867	0.06279748843249044	0.042771570078521455
EPI-559_XH-TPX	0.04466747333861507	0.1054562441850285	0.04121262185067382	0.048711938551894256	0.062276679330617514	0.06469144340379908	0.04481493330936885	0.03975893235549294	0.044819962825886156	0.05090770717521343	0.056969418714470525	0.06426645462141133	0.041669443593711115	0.04644248551968257	0.04624082472466669	0.04455839891600503	0.04780974135479392	0.06225724180365137	0.04246805442501805
EPI-559_XH-WYB	0.04625281699213037	0.0889231889549508	0.04422852871197133	0.04996529046340182	0.061155673956900754	0.06368728981322494	0.04728083415631135	0.042442997494906445	0.04619778062716639	0.04869421358234301	0.05688656080277513	0.0611551159935359	0.044275722569213055	0.04801302149895401	0.04765291850756568	0.045686611655958144	0.04863843641901761	0.06388724602889774	0.04497575177077568
EPI-559_XH-YHT	0.04582448747534302	0.08514414120848622	0.04387582657798981	0.049947722864763115	0.060344750300103715	0.06273911305099548	0.04664334885901167	0.04182521069236811	0.04772237403542463	0.05772886846998795	0.055599046244451604	0.059385242834579105	0.04370622905279333	0.049902931165489356	0.047164468806260844	0.04634395888303834	0.04871992988558753	0.062445119428581095	0.044937230164745316
EPI-559_XH-ZRX	0.044852651219016264	0.10231274027437708	0.04287397782984232	0.04917224936571578	0.06073535590756623	0.06303576764380991	0.045563557508116664	0.04116613976727819	0.045684279149574604	0.05190802226058721	0.05625470641491898	0.06163459619351066	0.04249351734499303	0.04717162906358082	0.04682833740643451	0.044984606981958455	0.048078362942631944	0.061529594060554325	0.04371990866553318
EPI-560_XH-CSP	0.04532760834800312	0.09908673430397269	0.04316985677434755	0.04947074012873249	0.06064982507361049	0.06316617923146292	0.046201860458815976	0.04142429677707779	0.045630850994123055	0.05011384217445473	0.056381097899758266	0.061514977143738415	0.04315973401597965	0.047466483560069786	0.04768432796996514	0.045021382749584414	0.04817411155287821	0.0624130636592675	0.04394302718415771
EPI-560_XH-CXY	0.04638600827712817	0.08076278281362284	0.04437005860215803	0.050072162450371924	0.06000274203261829	0.06276410165814705	0.047323035096801115	0.04269807875164868	0.048406525343115875	0.057340478164804344	0.054832107790702064	0.05751737029120943	0.04475248990200341	0.0508884181903469	0.04851881613300401	0.04679894807772622	0.0484300926917127	0.06297251596756737	0.0451632677653116
EPI-560_XH-DGH	0.046360324061884915	0.08287593732535568	0.04435821096960802	0.05026757609501563	0.06028258944148963	0.06296296373305628	0.04720840956619741	0.04242148618535498	0.047697670943669494	0.05540409018944275	0.055373397897542254	0.058836436002102505	0.04450414696481753	0.050034078050469416	0.048241000165270935	0.046489039200363756	0.04864449941316113	0.06311449422453319	0.04492364957066441
EPI-560_XH-GDA	0.04698499292689009	0.07474857777245462	0.044635013659927246	0.050579316828389426	0.06035353115174683	0.06303972634833963	0.047803524184162186	0.04307832999903904	0.04855195376986679	0.05686322613737716	0.05492981989282573	0.05729547542562005	0.04542848631371568	0.05143053591482433	0.04894779253848553	0.04727992061044145	0.048761883912453646	0.06384086690884613	0.04544702570459444
EPI-560_XH-HLZ	0.04632683753932684	0.08416738269075028	0.04355340786455897	0.049831749353895824	0.06060919553108602	0.06330606100783952	0.047015994940516406	0.04215928623217095	0.04779629239556606	0.0564137887336975	0.05457045362711057	0.05704427536311441	0.044825771392195374	0.05063838091725967	0.049118444586464985	0.04668960577590149	0.048149083591068315	0.06334548085136518	0.04443850760611161
